# LOD feasibility spike -- route B `simple` (geo::Simplify, RDP) invalid outputs
# input:     C:/dev/spatial-ide/target/fixtures/slice-budgets/polygons-100k.parquet
# tolerance: 5
# generated: lod-feasibility-spike `explain` mode, 2026-09-15 (C3 step 3)
# validity:  geo 0.33.1 `Validation` trait (is_valid / validation_errors)
# features scanned: 100000; invalid `simple` outputs: 5

===== id 37926 =====
input_valid: true  input_errors: []  input_ring_vertex_counts: [142, 47]
simple_valid: false  simple_errors: ["interior ring at index 0 has a self-intersection"]  simple_ring_vertex_counts: [11, 22]
vw_preserve_valid: true  vw_preserve_errors: []  vw_preserve_ring_vertex_counts: [34, 6]
rdp_unguarded_ring_vertex_counts (each ring simplified as a bare LineString, INITIAL_MIN=2): [11, 3]

-- WKT input --
POLYGON ((2608153.9829375483 1204780, 2608151.9702148065 1204780.5337652517, 2608152.1342850504 1204781.0843186786, 2608155.363483423 1204782.066187512, 2608151.9606335335 1204782.154808956, 2608152.704100529 1204782.8783640775, 2608152.4074755805 1204783.3987586976, 2608153.7180753513 1204784.4235054685, 2608149.199491057 1204783.425927252, 2608151.7678043274 1204784.9899800871, 2608154.2569676028 1204786.8099754413, 2608153.5554042426 1204787.2333842046, 2608152.1555061294 1204787.1997174018, 2608150.5346807563 1204786.8914672544, 2608153.4319785736 1204789.667747823, 2608152.274413049 1204789.693007241, 2608147.750837375 1204786.7024072504, 2608150.4240053715 1204789.8589584662, 2608150.9966974994 1204791.370501594, 2608150.887884391 1204792.3111198756, 2608147.6173454393 1204789.4280947223, 2608147.5421118746 1204790.2362369273, 2608147.5857614726 1204791.3187413914, 2608147.071782148 1204791.6417483361, 2608144.80030877 1204788.7594470365, 2608146.105881423 1204792.4250915933, 2608143.973533162 1204789.0876981295, 2608145.02045791 1204793.0353162459, 2608144.3532038825 1204793.0023314673, 2608143.2485388173 1204791.3608393422, 2608142.7090288233 1204791.3675677248, 2608142.49000315 1204792.9901444667, 2608142.3164381855 1204795.8827355357, 2608141.51249574 1204795.0346102025, 2608140.625629229 1204791.2201011656, 2608140.1203619777 1204790.8036519252, 2608139.6474019545 1204790.5462033318, 2608139.2218906665 1204789.9577268318, 2608138.838381642 1204789.4316660578, 2608137.3741986444 1204795.5668529824, 2608137.6326929345 1204791.0165506515, 2608137.1600822695 1204790.83988102, 2608135.663737917 1204793.9787920825, 2608134.9141256483 1204794.1364412927, 2608135.9956993964 1204789.7439057261, 2608134.163536916 1204792.5772521165, 2608132.6417227234 1204794.1672157904, 2608134.9323066906 1204788.7775022895, 2608132.5076542776 1204791.7365683287, 2608131.1848269957 1204792.5397527376, 2608132.8717700746 1204789.2363128925, 2608130.313039013 1204791.4577910753, 2608131.8072363725 1204788.8579311834, 2608131.30562804 1204788.5980487268, 2608129.3513632985 1204789.631123328, 2608132.4528697534 1204786.2378664415, 2608132.521269451 1204785.639983132, 2608129.950994432 1204786.8982518297, 2608131.019424486 1204785.5931553477, 2608127.004299668 1204787.311260468, 2608126.0049387272 1204787.0720235803, 2608130.714523042 1204784.183839376, 2608124.8953709453 1204786.011511683, 2608128.722192183 1204783.9160816616, 2608128.1089631002 1204783.5439104561, 2608128.067620111 1204782.984491198, 2608129.980893621 1204782.0364730211, 2608128.5222517513 1204781.8047916077, 2608123.860908626 1204781.8054344307, 2608125.4508767063 1204780.9739492103, 2608124.9911690014 1204780.3344640944, 2608123.676759796 1204779.636244971, 2608124.371774729 1204778.9538134118, 2608125.336545918 1204778.3596409326, 2608123.5922391918 1204777.4200001284, 2608126.684002442 1204777.2934043468, 2608130.132876129 1204777.532064465, 2608125.9454386714 1204775.811289859, 2608127.032377586 1204775.4971507625, 2608128.9157569087 1204775.5885671473, 2608124.9545006347 1204773.2208164465, 2608127.344126929 1204773.6046987546, 2608128.0846956084 1204773.2965602672, 2608131.5033968305 1204774.7082654804, 2608128.8811455555 1204772.3673384897, 2608132.046013808 1204774.0016092756, 2608129.607650423 1204771.4104982216, 2608132.3576743077 1204773.087924462, 2608131.1538393907 1204771.2518442606, 2608133.3961343616 1204772.8599688665, 2608133.256050305 1204772.023218971, 2608134.3119645724 1204772.6298007355, 2608134.675819699 1204772.4262513656, 2608133.3213733756 1204769.538101868, 2608133.169476038 1204768.1691854554, 2608134.749012237 1204769.890041656, 2608134.918546496 1204769.0497513786, 2608136.158682571 1204770.6526910441, 2608134.587497709 1204764.9556800672, 2608135.640817497 1204765.9473194445, 2608137.4455539375 1204770.2497557972, 2608137.796712943 1204769.746736357, 2608138.0704965936 1204768.5610936282, 2608138.564619 1204768.345540373, 2608138.823607553 1204764.945310209, 2608139.481962049 1204764.505491067, 2608140.140026457 1204767.4312708115, 2608140.700184803 1204767.442811237, 2608141.4440323426 1204765.6459341857, 2608142.2111286507 1204764.8393227977, 2608141.9227814297 1204769.9690052401, 2608143.1860950934 1204766.6305771854, 2608144.232168631 1204765.1991955189, 2608143.6581918485 1204769.0735595506, 2608145.5459434674 1204765.6002921895, 2608144.8400547365 1204768.9305173554, 2608144.5323286117 1204770.776991194, 2608147.1212825207 1204767.0053156873, 2608145.9489063458 1204770.20675848, 2608149.3383710072 1204766.066183754, 2608148.1928413548 1204768.8805858875, 2608149.500917896 1204768.2405813693, 2608149.8094705897 1204768.9082613287, 2608150.9783638706 1204768.648455239, 2608148.1917721713 1204772.2522736008, 2608147.314180886 1204773.6751841602, 2608150.221740661 1204771.927971965, 2608149.6528879246 1204773.05227553, 2608153.7228668886 1204771.0229184933, 2608149.600017936 1204774.3139005932, 2608152.9560437556 1204773.0864443008, 2608151.5104317255 1204774.5019334017, 2608149.7436435916 1204775.8683382096, 2608149.7805584534 1204776.3576809263, 2608150.6906967442 1204776.5526974958, 2608154.6765257926 1204775.9796842344, 2608152.480203356 1204777.172364235, 2608152.118420331 1204777.8167644225, 2608155.767860979 1204777.8794289974, 2608154.292588284 1204778.7228155283, 2608153.3627914446 1204779.4041382002, 2608153.9829375483 1204780), (2608144.4034889988 1204780, 2608143.4687083974 1204779.5232370046, 2608144.410204313 1204778.7643187016, 2608143.3668914 1204778.537552687, 2608143.8137766207 1204777.6807910604, 2608142.4681762615 1204777.9919896722, 2608142.4385794527 1204777.3889189677, 2608142.645457192 1204776.25224098, 2608141.6850204538 1204776.748058142, 2608140.9155626385 1204777.4238536332, 2608140.6679943637 1204776.7854346382, 2608140.2374228453 1204776.5290008665, 2608139.818732627 1204777.349964809, 2608139.181898398 1204776.0630789495, 2608138.6561985635 1204776.2189051386, 2608138.7243647235 1204777.53813567, 2608137.8009791644 1204776.8846972093, 2608137.138875899 1204776.9364841226, 2608137.9290289213 1204778.3151400574, 2608136.8065548134 1204778.0580229622, 2608136.53012197 1204778.492819281, 2608137.236534345 1204779.2257132356, 2608137.2992624543 1204779.6287921686, 2608135.774471359 1204780, 2608136.7690357054 1204780.4440858206, 2608137.3415909903 1204780.744851273, 2608135.7382430662 1204781.851142266, 2608137.6992144636 1204781.3991386793, 2608137.8025588826 1204781.7877509508, 2608137.3585318755 1204782.8283217547, 2608137.2516352115 1204783.8935458711, 2608138.4250971894 1204783.0394244534, 2608138.5526313926 1204784.0725049507, 2608139.1139382566 1204784.2639632062, 2608139.6857554675 1204784.5940924482, 2608140.228007214 1204783.3333474833, 2608140.555466361 1204782.6730508816, 2608141.5703958436 1204784.418670418, 2608141.7278036554 1204783.334509689, 2608141.6838071584 1204782.3854112953, 2608142.729481016 1204782.922560551, 2608143.576887055 1204782.910013462, 2608142.6495122523 1204781.611204093, 2608144.0481172977 1204781.7583454766, 2608143.037251385 1204780.8509979285, 2608144.1958315354 1204780.5767037703, 2608144.4034889988 1204780))

-- WKT geo::Simplify(5) --
POLYGON ((2608153.9829375483 1204780, 2608150.887884391 1204792.3111198756, 2608143.973533162 1204789.0876981295, 2608142.3164381855 1204795.8827355357, 2608138.838381642 1204789.4316660578, 2608137.3741986444 1204795.5668529824, 2608123.5922391918 1204777.4200001284, 2608139.481962049 1204764.505491067, 2608144.5323286117 1204770.776991194, 2608149.3383710072 1204766.066183754, 2608153.9829375483 1204780), (2608144.4034889988 1204780, 2608135.7382430662 1204781.851142266, 2608137.6992144636 1204781.3991386793, 2608137.8025588826 1204781.7877509508, 2608137.3585318755 1204782.8283217547, 2608137.2516352115 1204783.8935458711, 2608138.4250971894 1204783.0394244534, 2608138.5526313926 1204784.0725049507, 2608139.1139382566 1204784.2639632062, 2608139.6857554675 1204784.5940924482, 2608140.228007214 1204783.3333474833, 2608140.555466361 1204782.6730508816, 2608141.5703958436 1204784.418670418, 2608141.7278036554 1204783.334509689, 2608141.6838071584 1204782.3854112953, 2608142.729481016 1204782.922560551, 2608143.576887055 1204782.910013462, 2608142.6495122523 1204781.611204093, 2608144.0481172977 1204781.7583454766, 2608143.037251385 1204780.8509979285, 2608144.1958315354 1204780.5767037703, 2608144.4034889988 1204780))

-- WKT geo::SimplifyVwPreserve(5) --
POLYGON ((2608153.9829375483 1204780, 2608153.7180753513 1204784.4235054685, 2608149.199491057 1204783.425927252, 2608154.2569676028 1204786.8099754413, 2608147.750837375 1204786.7024072504, 2608143.973533162 1204789.0876981295, 2608142.3164381855 1204795.8827355357, 2608138.838381642 1204789.4316660578, 2608134.9141256483 1204794.1364412927, 2608134.9323066906 1204788.7775022895, 2608129.3513632985 1204789.631123328, 2608132.4528697534 1204786.2378664415, 2608124.8953709453 1204786.011511683, 2608129.980893621 1204782.0364730211, 2608123.860908626 1204781.8054344307, 2608123.5922391918 1204777.4200001284, 2608130.132876129 1204777.532064465, 2608124.9545006347 1204773.2208164465, 2608131.5033968305 1204774.7082654804, 2608134.675819699 1204772.4262513656, 2608133.169476038 1204768.1691854554, 2608137.4455539375 1204770.2497557972, 2608139.481962049 1204764.505491067, 2608142.2111286507 1204764.8393227977, 2608141.9227814297 1204769.9690052401, 2608145.5459434674 1204765.6002921895, 2608144.5323286117 1204770.776991194, 2608149.3383710072 1204766.066183754, 2608150.9783638706 1204768.648455239, 2608147.314180886 1204773.6751841602, 2608153.7228668886 1204771.0229184933, 2608149.7436435916 1204775.8683382096, 2608154.6765257926 1204775.9796842344, 2608153.9829375483 1204780), (2608144.4034889988 1204780, 2608142.645457192 1204776.25224098, 2608139.181898398 1204776.0630789495, 2608137.2992624543 1204779.6287921686, 2608139.6857554675 1204784.5940924482, 2608144.4034889988 1204780))

===== id 40320 =====
input_valid: true  input_errors: []  input_ring_vertex_counts: [130, 43]
simple_valid: false  simple_errors: ["interior ring at index 0 has a self-intersection"]  simple_ring_vertex_counts: [15, 20]
vw_preserve_valid: true  vw_preserve_errors: []  vw_preserve_ring_vertex_counts: [30, 6]
rdp_unguarded_ring_vertex_counts (each ring simplified as a bare LineString, INITIAL_MIN=2): [15, 3]

-- WKT input --
POLYGON ((2602470.398026894 1205100, 2602471.3087140094 1205100.5512479704, 2602471.5787879233 1205101.1315142803, 2602475.399744573 1205102.2663726923, 2602471.163139479 1205102.2028282569, 2602475.160749554 1205103.7669297704, 2602470.302235985 1205103.0994810457, 2602472.784418223 1205104.5359614978, 2602468.8866794803 1205103.6493288395, 2602469.8341448084 1205104.6100577246, 2602469.5039811544 1205105.033580792, 2602474.0231990605 1205108.3255964525, 2602471.1444737087 1205107.3731141118, 2602468.1790353227 1205106.0034999482, 2602471.5203581923 1205109.3522519423, 2602469.8700596304 1205108.843612331, 2602467.7333749784 1205107.639776574, 2602468.3466247097 1205109.0902066466, 2602468.2067907243 1205109.8614854848, 2602469.9632009394 1205113.2327858235, 2602467.85230183 1205111.56036623, 2602467.420462068 1205112.1588877777, 2602466.7668915754 1205112.4089602127, 2602466.560364877 1205113.5623365133, 2602464.8315188703 1205111.3695123587, 2602465.2521500452 1205114.2499329871, 2602462.8292971854 1205109.0052367803, 2602462.5945018833 1205109.9241082782, 2602462.066459716 1205109.839698622, 2602461.6020060964 1205110.0355634904, 2602461.32879186 1205112.0764909184, 2602460.836316399 1205113.719344492, 2602460.16847435 1205113.8350953844, 2602459.430130122 1205115.5930488035, 2602459.119986278 1205110.299299417, 2602458.227379322 1205113.1548170142, 2602457.576018173 1205113.1232209615, 2602457.5648627556 1205110.3369564307, 2602456.8329429887 1205111.0110967995, 2602456.5003730655 1205110.258244455, 2602455.956355941 1205110.1985633133, 2602455.393268633 1205110.1467237931, 2602454.4157368317 1205110.8614630643, 2602455.1986165005 1205108.316240168, 2602453.9371068343 1205109.411123915, 2602451.433168485 1205111.974236358, 2602452.365544876 1205109.6419288716, 2602449.610566753 1205111.8833165755, 2602452.3845828227 1205107.898817328, 2602449.4704020573 1205109.9072708404, 2602448.0864614216 1205110.162585313, 2602451.203235769 1205106.7926404546, 2602448.3599353936 1205108.1153058165, 2602446.184046091 1205108.6643873956, 2602451.3437893107 1205104.85810089, 2602451.1144762114 1205104.4324105063, 2602446.9376955144 1205105.7396428513, 2602447.007854646 1205104.969074518, 2602446.4717357988 1205104.4320525755, 2602450.9052181235 1205102.4963850095, 2602443.639016643 1205103.6445644912, 2602445.5925818887 1205102.4801628208, 2602449.1887528626 1205101.323000115, 2602448.1232208773 1205100.86926819, 2602447.510772045 1205100.3042157013, 2602445.517169685 1205099.6472236398, 2602447.4864665004 1205099.0841273963, 2602447.5251464513 1205098.47342009, 2602446.546140095 1205097.6839873132, 2602449.5596891884 1205097.6743215716, 2602444.1976226354 1205095.662477836, 2602444.0967180245 1205094.7898576795, 2602445.743740543 1205094.547442808, 2602448.068515918 1205094.7572453702, 2602449.5437305435 1205094.7840465344, 2602450.050181132 1205094.4158910136, 2602450.2126970384 1205093.8620970384, 2602449.3453341904 1205092.5717017606, 2602449.748889395 1205092.0843497934, 2602450.9106967947 1205092.2465673275, 2602448.6700050742 1205089.3396377563, 2602449.5367829525 1205089.1474047718, 2602451.1276057004 1205089.8518554633, 2602451.8937239554 1205089.7621852811, 2602454.470920193 1205092.271762514, 2602452.001659998 1205087.5845793723, 2602452.2049080436 1205086.4985046815, 2602452.934262897 1205086.2570512427, 2602453.2784674475 1205085.1952439058, 2602454.5176995466 1205086.17296986, 2602455.5144178867 1205086.8516848492, 2602456.944059761 1205089.3752295368, 2602457.7172344225 1205090.3098487076, 2602457.3955464964 1205085.899721512, 2602458.0582293747 1205085.5899022387, 2602458.8497372638 1205086.5378231811, 2602459.6239414397 1205089.7101080185, 2602460.1703853696 1205086.0079719184, 2602461.0039996537 1205083.5298971331, 2602461.028189162 1205090.6554837886, 2602462.171762357 1205086.3952708624, 2602462.100183659 1205089.9997207334, 2602463.404670195 1205086.9769546571, 2602463.915277034 1205087.5382490973, 2602464.525333662 1205087.7220374763, 2602465.553880002 1205086.9306300946, 2602466.587194558 1205086.3821981023, 2602466.142896688 1205088.735306345, 2602467.7865379346 1205087.2412741887, 2602467.649525412 1205088.7381665707, 2602466.081060158 1205091.923341992, 2602468.106179574 1205090.2594113958, 2602470.9048517128 1205088.1236596862, 2602470.147025217 1205089.9757860233, 2602468.2120971237 1205092.6419286097, 2602470.058215937 1205091.834718334, 2602468.519679923 1205093.7464632492, 2602469.4370576036 1205093.7565017056, 2602473.0288667185 1205092.2647403018, 2602473.955481757 1205092.6087769147, 2602471.6007821904 1205094.561776688, 2602475.492820272 1205093.637849103, 2602469.29074291 1205096.7036081431, 2602472.8897897964 1205096.1220399905, 2602473.9077988937 1205096.5443857834, 2602474.0994287413 1205097.2177522196, 2602469.6956480513 1205098.5730963347, 2602473.6235361756 1205098.6686667178, 2602475.6605138537 1205099.2366217352, 2602470.398026894 1205100), (2602463.621433616 1205100, 2602464.219367094 1205099.3640327377, 2602462.6335837715 1205099.187646991, 2602462.9518864746 1205098.5784463962, 2602463.427724558 1205097.6630169665, 2602462.107967734 1205098.044091776, 2602462.4783302285 1205096.89227219, 2602461.5085349977 1205097.387140739, 2602461.2267943854 1205096.8741788846, 2602460.6003573956 1205097.3696623868, 2602460.2216789513 1205097.041899974, 2602459.7920410214 1205097.2249802821, 2602459.145332004 1205096.2554548446, 2602458.7343047727 1205096.775061156, 2602458.552596706 1205097.4930239555, 2602458.0278593963 1205097.5270139026, 2602457.1537343096 1205097.3590513829, 2602456.484067539 1205097.602877837, 2602457.235996914 1205098.6689262674, 2602456.886181575 1205099.0395142187, 2602456.2627027 1205099.4366930681, 2602456.2753859027 1205100, 2602457.2702905093 1205100.4114375054, 2602455.9378202814 1205101.2530164989, 2602455.7619686816 1205102.0409283168, 2602457.7762609273 1205101.5161196287, 2602457.664662876 1205102.166876187, 2602458.0510172313 1205102.4439470908, 2602457.879384367 1205103.6730140198, 2602458.6228766497 1205103.5088530718, 2602459.269241119 1205103.2016638503, 2602459.751691745 1205103.31344339, 2602460.249579602 1205103.33040834, 2602460.7705312986 1205103.375918198, 2602461.4454307375 1205103.682897456, 2602461.892243793 1205103.2774623893, 2602462.625733196 1205103.2925652848, 2602462.6739749955 1205102.4810862138, 2602463.1863665986 1205102.172427963, 2602463.138854999 1205101.5115928997, 2602464.2922313325 1205101.3239780238, 2602463.1891596573 1205100.4806884755, 2602463.621433616 1205100))

-- WKT geo::Simplify(5) --
POLYGON ((2602470.398026894 1205100, 2602474.0231990605 1205108.3255964525, 2602459.430130122 1205115.5930488035, 2602446.184046091 1205108.6643873956, 2602450.9052181235 1205102.4963850095, 2602443.639016643 1205103.6445644912, 2602448.6700050742 1205089.3396377563, 2602454.470920193 1205092.271762514, 2602452.2049080436 1205086.4985046815, 2602459.6239414397 1205089.7101080185, 2602461.0039996537 1205083.5298971331, 2602461.028189162 1205090.6554837886, 2602466.587194558 1205086.3821981023, 2602475.492820272 1205093.637849103, 2602470.398026894 1205100), (2602463.621433616 1205100, 2602455.7619686816 1205102.0409283168, 2602457.7762609273 1205101.5161196287, 2602457.664662876 1205102.166876187, 2602458.0510172313 1205102.4439470908, 2602457.879384367 1205103.6730140198, 2602458.6228766497 1205103.5088530718, 2602459.269241119 1205103.2016638503, 2602459.751691745 1205103.31344339, 2602460.249579602 1205103.33040834, 2602460.7705312986 1205103.375918198, 2602461.4454307375 1205103.682897456, 2602461.892243793 1205103.2774623893, 2602462.625733196 1205103.2925652848, 2602462.6739749955 1205102.4810862138, 2602463.1863665986 1205102.172427963, 2602463.138854999 1205101.5115928997, 2602464.2922313325 1205101.3239780238, 2602463.1891596573 1205100.4806884755, 2602463.621433616 1205100))

-- WKT geo::SimplifyVwPreserve(5) --
POLYGON ((2602470.398026894 1205100, 2602468.1790353227 1205106.0034999482, 2602469.9632009394 1205113.2327858235, 2602467.85230183 1205111.56036623, 2602465.2521500452 1205114.2499329871, 2602462.8292971854 1205109.0052367803, 2602459.430130122 1205115.5930488035, 2602459.119986278 1205110.299299417, 2602449.610566753 1205111.8833165755, 2602452.3845828227 1205107.898817328, 2602446.184046091 1205108.6643873956, 2602451.3437893107 1205104.85810089, 2602443.639016643 1205103.6445644912, 2602449.1887528626 1205101.323000115, 2602445.517169685 1205099.6472236398, 2602449.5596891884 1205097.6743215716, 2602444.0967180245 1205094.7898576795, 2602449.5437305435 1205094.7840465344, 2602453.2784674475 1205085.1952439058, 2602457.7172344225 1205090.3098487076, 2602461.028189162 1205090.6554837886, 2602463.404670195 1205086.9769546571, 2602467.7865379346 1205087.2412741887, 2602466.081060158 1205091.923341992, 2602470.9048517128 1205088.1236596862, 2602468.519679923 1205093.7464632492, 2602473.0288667185 1205092.2647403018, 2602469.29074291 1205096.7036081431, 2602474.0994287413 1205097.2177522196, 2602470.398026894 1205100), (2602463.621433616 1205100, 2602459.7920410214 1205097.2249802821, 2602456.484067539 1205097.602877837, 2602457.879384367 1205103.6730140198, 2602462.625733196 1205103.2925652848, 2602463.621433616 1205100))

===== id 61222 =====
input_valid: true  input_errors: []  input_ring_vertex_counts: [112, 37]
simple_valid: false  simple_errors: ["interior ring at index 0 has a self-intersection"]  simple_ring_vertex_counts: [14, 16]
vw_preserve_valid: true  vw_preserve_errors: []  vw_preserve_ring_vertex_counts: [40, 6]
rdp_unguarded_ring_vertex_counts (each ring simplified as a bare LineString, INITIAL_MIN=2): [14, 3]

-- WKT input --
POLYGON ((2601670.2081292504 1207740, 2601671.016283117 1207740.6242465843, 2601671.814995645 1207741.3433259882, 2601673.6815738 1207742.3459414274, 2601671.971446132 1207742.7578787138, 2601670.61633761 1207743.087589782, 2601671.3946281346 1207744.0259782395, 2601670.09553929 1207744.223615123, 2601670.3520022426 1207745.0369248716, 2601672.1591474474 1207746.7925072939, 2601673.434967051 1207748.5367608967, 2601669.225432516 1207746.6232087014, 2601672.384017489 1207749.9993957735, 2601670.640144398 1207749.6350975055, 2601667.0199508048 1207747.12000196, 2601666.2272761944 1207747.0755601977, 2601669.1303506033 1207751.6409747521, 2601666.356821258 1207749.1242082375, 2601668.5726284543 1207753.9228333172, 2601665.3869771846 1207749.9719984985, 2601667.0558139784 1207755.0385363095, 2601665.814142086 1207754.4690489944, 2601663.0895225713 1207749.154610339, 2601662.9792514667 1207750.8121199408, 2601662.1827965104 1207750.1282113066, 2601661.9888387932 1207752.673079805, 2601660.952002643 1207749.5789832992, 2601660.702697612 1207756.5420488787, 2601659.778329185 1207755.6632769548, 2601659.1293137395 1207752.2848307234, 2601658.713266304 1207750.0482886222, 2601657.9283783818 1207751.1335000184, 2601656.9320117855 1207752.5058891345, 2601656.947957814 1207749.9659640477, 2601656.7599404734 1207748.7730063146, 2601655.2866836335 1207750.8328977677, 2601653.9064448797 1207752.0858455705, 2601652.255950832 1207753.413086616, 2601651.2497253725 1207753.3498199435, 2601653.8532279814 1207748.3109844206, 2601653.6495869714 1207747.6410387324, 2601648.80143513 1207752.0203535145, 2601650.260026355 1207749.335008603, 2601647.813960979 1207750.422781667, 2601652.4244300784 1207745.7704730555, 2601650.6594492258 1207746.3131104473, 2601646.5274910703 1207748.0346729555, 2601648.4187328364 1207746.0461953275, 2601645.599409727 1207746.5094772293, 2601646.9129062104 1207745.0449251013, 2601645.526026872 1207744.657630475, 2601644.007480659 1207744.1641281645, 2601648.0690068346 1207742.3951697908, 2601648.356986683 1207741.6587272268, 2601644.4872194375 1207741.3203322086, 2601648.221967368 1207740.3334384137, 2601643.5399077185 1207739.5340115593, 2601643.8002280327 1207738.6211962055, 2601648.7285519266 1207738.3942079858, 2601650.4452114822 1207738.0818578554, 2601645.741999963 1207736.2875055354, 2601646.3559820377 1207735.6094437027, 2601650.4225648856 1207736.308008211, 2601651.235887364 1207736.0383713057, 2601645.2740134583 1207732.312051025, 2601646.4913359648 1207731.9437650286, 2601648.7016044017 1207732.3636174127, 2601652.222822224 1207734.075957945, 2601649.5654010093 1207731.0752339729, 2601652.7367049158 1207733.0386955277, 2601652.345787949 1207731.784095927, 2601653.6098225024 1207732.31111527, 2601650.1018451136 1207726.6168111002, 2601652.412947301 1207728.4248447337, 2601651.813518488 1207725.8205980854, 2601653.863647079 1207727.8292700562, 2601654.960397942 1207728.417180252, 2601654.287320706 1207724.5319596427, 2601656.8272002856 1207729.639721222, 2601656.3115337933 1207724.9648870085, 2601657.8596743117 1207728.4972642304, 2601657.973911031 1207724.177979641, 2601659.0865590763 1207727.1119281116, 2601659.7914946587 1207725.2669964198, 2601660.638575247 1207724.967441519, 2601661.5611672383 1207724.2916456033, 2601661.9480893267 1207727.5865798714, 2601662.797113445 1207727.0213481274, 2601663.389278328 1207727.6998352755, 2601663.510679267 1207729.5974539844, 2601666.109647713 1207724.7955569734, 2601665.3911065096 1207728.5095679618, 2601667.34071102 1207726.411384945, 2601665.6612412445 1207730.8055599711, 2601666.8928694325 1207730.1063796664, 2601668.3206639998 1207729.391355957, 2601670.4638099573 1207728.1108023901, 2601669.4870077716 1207730.377779587, 2601671.236510916 1207729.824867572, 2601671.7951940903 1207730.4760459163, 2601669.4608581183 1207733.207772351, 2601668.256484945 1207734.7537171058, 2601673.408955959 1207732.5093077826, 2601669.9604698983 1207735.1535811732, 2601672.514453882 1207734.7643969131, 2601674.5959611055 1207734.842918865, 2601669.0418757945 1207737.3703169269, 2601670.7818929437 1207737.5161603105, 2601672.232998386 1207737.9024417722, 2601675.221112827 1207738.2694097364, 2601674.9991724626 1207739.150059773, 2601670.2081292504 1207740), (2601664.213648999 1207740, 2601664.543805377 1207739.198804517, 2601663.6375843827 1207738.6760275601, 2601663.687109886 1207737.8712461148, 2601662.146690948 1207738.1987124176, 2601662.2102422467 1207737.3659358618, 2601662.0293163867 1207736.485120914, 2601661.5782659976 1207735.6637498096, 2601660.5347342486 1207736.9673713765, 2601660 1207737.2996207231, 2601659.4071969055 1207736.6380465885, 2601659.0464307484 1207737.380090013, 2601658.327879515 1207737.1038023639, 2601658.025205089 1207737.64653107, 2601657.4940119544 1207737.8972263553, 2601656.804337787 1207738.1549835613, 2601657.224764632 1207738.9898969328, 2601656.7614066396 1207739.428948611, 2601656.3990905895 1207740, 2601656.11337958 1207740.6853160437, 2601657.2402333845 1207741.0044729016, 2601657.312596878 1207741.5515729159, 2601656.4757263977 1207742.9572166796, 2601658.0128895324 1207742.3681460388, 2601657.6741283624 1207744.0285278482, 2601658.657936668 1207743.6872886997, 2601659.292579404 1207744.0119815648, 2601660 1207742.6618377862, 2601660.64395696 1207743.6520614002, 2601661.1239949544 1207743.0881507562, 2601662.360555812 1207744.0886026002, 2601663.081626545 1207743.6725395066, 2601663.6608416648 1207743.0718108905, 2601663.3100443413 1207741.9110549914, 2601662.9379801834 1207741.0693373356, 2601663.4092285903 1207740.6011389839, 2601664.213648999 1207740))

-- WKT geo::Simplify(5) --
POLYGON ((2601670.2081292504 1207740, 2601673.434967051 1207748.5367608967, 2601666.2272761944 1207747.0755601977, 2601667.0558139784 1207755.0385363095, 2601660.952002643 1207749.5789832992, 2601660.702697612 1207756.5420488787, 2601656.7599404734 1207748.7730063146, 2601648.80143513 1207752.0203535145, 2601652.4244300784 1207745.7704730555, 2601646.5274910703 1207748.0346729555, 2601643.5399077185 1207739.5340115593, 2601657.973911031 1207724.177979641, 2601670.4638099573 1207728.1108023901, 2601670.2081292504 1207740), (2601664.213648999 1207740, 2601656.4757263977 1207742.9572166796, 2601658.0128895324 1207742.3681460388, 2601657.6741283624 1207744.0285278482, 2601658.657936668 1207743.6872886997, 2601659.292579404 1207744.0119815648, 2601660 1207742.6618377862, 2601660.64395696 1207743.6520614002, 2601661.1239949544 1207743.0881507562, 2601662.360555812 1207744.0886026002, 2601663.081626545 1207743.6725395066, 2601663.6608416648 1207743.0718108905, 2601663.3100443413 1207741.9110549914, 2601662.9379801834 1207741.0693373356, 2601663.4092285903 1207740.6011389839, 2601664.213648999 1207740))

-- WKT geo::SimplifyVwPreserve(5) --
POLYGON ((2601670.2081292504 1207740, 2601673.6815738 1207742.3459414274, 2601670.3520022426 1207745.0369248716, 2601672.384017489 1207749.9993957735, 2601666.2272761944 1207747.0755601977, 2601668.5726284543 1207753.9228333172, 2601667.0558139784 1207755.0385363095, 2601663.0895225713 1207749.154610339, 2601660.952002643 1207749.5789832992, 2601660.702697612 1207756.5420488787, 2601658.713266304 1207750.0482886222, 2601656.7599404734 1207748.7730063146, 2601651.2497253725 1207753.3498199435, 2601653.6495869714 1207747.6410387324, 2601648.80143513 1207752.0203535145, 2601647.813960979 1207750.422781667, 2601652.4244300784 1207745.7704730555, 2601644.007480659 1207744.1641281645, 2601648.356986683 1207741.6587272268, 2601643.8002280327 1207738.6211962055, 2601650.4452114822 1207738.0818578554, 2601645.741999963 1207736.2875055354, 2601651.235887364 1207736.0383713057, 2601645.2740134583 1207732.312051025, 2601652.222822224 1207734.075957945, 2601653.6098225024 1207732.31111527, 2601650.1018451136 1207726.6168111002, 2601651.813518488 1207725.8205980854, 2601656.8272002856 1207729.639721222, 2601661.5611672383 1207724.2916456033, 2601663.510679267 1207729.5974539844, 2601666.109647713 1207724.7955569734, 2601665.6612412445 1207730.8055599711, 2601670.4638099573 1207728.1108023901, 2601671.7951940903 1207730.4760459163, 2601668.256484945 1207734.7537171058, 2601674.5959611055 1207734.842918865, 2601669.0418757945 1207737.3703169269, 2601675.221112827 1207738.2694097364, 2601670.2081292504 1207740), (2601664.213648999 1207740, 2601661.5782659976 1207735.6637498096, 2601656.804337787 1207738.1549835613, 2601657.6741283624 1207744.0285278482, 2601662.360555812 1207744.0886026002, 2601664.213648999 1207740))

===== id 70483 =====
input_valid: true  input_errors: []  input_ring_vertex_counts: [141, 47]
simple_valid: false  simple_errors: ["interior ring at index 0 has a self-intersection"]  simple_ring_vertex_counts: [10, 22]
vw_preserve_valid: true  vw_preserve_errors: []  vw_preserve_ring_vertex_counts: [37, 6]
rdp_unguarded_ring_vertex_counts (each ring simplified as a bare LineString, INITIAL_MIN=2): [10, 3]

-- WKT input --
POLYGON ((2604393.9183718218 1208900, 2604395.307681794 1208900.687468782, 2604396.024808045 1208901.4422588286, 2604391.8513823785 1208901.605378822, 2604392.129843298 1208902.2012420185, 2604390.975938375 1208902.5051863093, 2604391.4839448486 1208903.1693673965, 2604389.3031019806 1208903.0227610697, 2604394.8909132453 1208905.5886532173, 2604389.080498622 1208903.881191373, 2604394.922721126 1208907.1864037379, 2604394.6755419434 1208907.8972458753, 2604393.7949775904 1208908.242115419, 2604390.73254759 1208907.0844926364, 2604391.2474594526 1208908.1717576245, 2604391.9850880243 1208909.5577887627, 2604392.0910162944 1208910.5636028124, 2604390.8317336366 1208910.3561977467, 2604391.170665424 1208911.6836000409, 2604390.146048308 1208911.6130867086, 2604389.692053863 1208912.1534511345, 2604387.804142385 1208910.741480483, 2604385.957016774 1208909.0244946678, 2604386.618552319 1208911.0775906767, 2604387.010050486 1208913.0268566478, 2604384.241007718 1208908.8065432687, 2604384.938570217 1208911.5543594065, 2604385.5005461653 1208914.6561528451, 2604384.953000371 1208915.2437677013, 2604383.710313803 1208913.4440201328, 2604382.611611458 1208911.4422174168, 2604382.0649789236 1208911.3789717555, 2604381.830117642 1208913.5104709705, 2604381.106461826 1208912.2937977707, 2604380.6308118347 1208914.0461168445, 2604380 1208910.2251195787, 2604379.357857847 1208914.2984059765, 2604378.6550276545 1208914.9438666871, 2604378.0135062756 1208914.6648855708, 2604378.347381525 1208909.1066783944, 2604377.179128649 1208912.3590449125, 2604376.675011124 1208912.0478266156, 2604376.76600773 1208909.9532047696, 2604376.7250980656 1208908.7259449987, 2604375.9320408865 1208909.5174634727, 2604374.38585609 1208911.6578899524, 2604374.261359348 1208910.6641812753, 2604372.600791276 1208912.3841894162, 2604373.626501797 1208909.6554370627, 2604371.090858841 1208912.2623808184, 2604371.0165654127 1208911.2648706685, 2604373.5744650313 1208907.354616544, 2604369.9019167493 1208910.5617670391, 2604371.019684039 1208908.5860612013, 2604372.1080358177 1208906.8950014622, 2604368.8998800805 1208908.8520502492, 2604368.0015813773 1208908.7173613983, 2604368.0612493334 1208907.880700316, 2604367.9771458237 1208907.1833209684, 2604369.857687235 1208905.4578112317, 2604369.4687306946 1208905.0715920012, 2604366.9551847186 1208905.5756216308, 2604370.6345981085 1208903.5148941204, 2604368.627704144 1208903.695082915, 2604365.6248245155 1208903.9672963517, 2604369.4659904134 1208902.4043189473, 2604370.77994081 1208901.6731940557, 2604368.4476968856 1208901.5648657829, 2604365.1084085605 1208901.340267488, 2604366.4007217614 1208900.6107442898, 2604364.2557379846 1208900, 2604363.4823419084 1208899.2581911196, 2604369.0347438017 1208899.0131090798, 2604367.3048351863 1208898.2803230812, 2604365.2718992904 1208897.3272437789, 2604364.777562359 1208896.525577944, 2604369.749699367 1208897.1710967738, 2604368.0641228706 1208896.1217984287, 2604367.8270861013 1208895.4314289994, 2604369.1778706005 1208895.3743999074, 2604367.673633479 1208894.0639347415, 2604366.811431605 1208892.902928712, 2604371.740059563 1208895.0649153297, 2604366.9817874674 1208891.4067531447, 2604367.796915973 1208891.1339404813, 2604367.2271279506 1208889.8139744413, 2604371.2774216207 1208892.379312768, 2604372.7512183315 1208893.069455094, 2604371.313800761 1208890.914947863, 2604372.846230693 1208891.8118521878, 2604372.6989120836 1208890.8447253313, 2604371.4731423142 1208888.2637872428, 2604373.842174204 1208890.671292667, 2604375.1796854883 1208891.9321524526, 2604373.7922592247 1208888.4640846236, 2604373.242128831 1208885.967135922, 2604373.953497529 1208885.853504227, 2604376.0177662615 1208889.389376149, 2604376.5005513304 1208889.2298044404, 2604377.257983223 1208890.0645253453, 2604377.083244113 1208887.2208574854, 2604378.121734237 1208889.6499025614, 2604377.7795753577 1208883.6081670448, 2604378.640886585 1208884.8990131663, 2604379.484681726 1208888.5255470981, 2604380 1208890.705844127, 2604380.521875892 1208888.3795303905, 2604381.1258663433 1208887.4906003857, 2604381.8479221505 1208886.358090868, 2604381.813486521 1208890.006865607, 2604382.2640272467 1208890.0806485135, 2604382.649323073 1208890.4003934383, 2604384.356564069 1208886.5918744863, 2604385.13669851 1208886.3133157652, 2604385.6116402177 1208886.8709150453, 2604386.7333701374 1208886.0180128384, 2604384.7129841233 1208891.2418079323, 2604386.344838682 1208889.380528786, 2604385.718239851 1208891.3372369087, 2604387.0408579456 1208890.309090419, 2604389.5300603746 1208888.0496822745, 2604387.371974005 1208891.5620968149, 2604388.222115928 1208891.4003409513, 2604390.965935044 1208889.5154925701, 2604390.9298766633 1208890.4508543331, 2604388.2946061934 1208893.3852722896, 2604390.079757357 1208892.676627608, 2604387.892115365 1208894.7904602594, 2604392.6438253154 1208892.4456660477, 2604391.9710080316 1208893.5581258829, 2604391.998717382 1208894.2217222506, 2604389.942318845 1208895.7504489855, 2604395.2558867163 1208894.274369948, 2604390.7274835147 1208896.514429315, 2604396.0071163108 1208895.582316598, 2604395.994277847 1208896.3494104538, 2604392.627580179 1208897.7084320548, 2604394.350663447 1208898.0560705543, 2604391.650922719 1208898.951397976, 2604391.2814927762 1208899.4933475752, 2604393.9183718218 1208900), (2604384.5041358545 1208900, 2604383.672621335 1208899.4952098164, 2604384.2329222 1208898.8139908202, 2604383.5356442737 1208898.4642529702, 2604383.9267598703 1208897.6120844244, 2604383.1961439024 1208897.3997440678, 2604382.6112906765 1208897.203990402, 2604382.4321828275 1208896.5543819196, 2604382.009803909 1208896.1212545263, 2604381.4889679076 1208895.810445836, 2604380.634669709 1208896.9458016816, 2604380.2446346204 1208896.4235684462, 2604379.73855798 1208896.1778529552, 2604379.4023356475 1208897.123881233, 2604378.853953778 1208896.7753349831, 2604378.1561843287 1208896.4415972838, 2604377.817355473 1208896.9078971534, 2604377.550357767 1208897.377073622, 2604376.577539339 1208897.2156217282, 2604375.9343430665 1208897.5276192492, 2604376.125636505 1208898.3171264504, 2604376.520069992 1208899.0249693382, 2604375.5203040782 1208899.3842799678, 2604376.211201794 1208900, 2604375.7489269273 1208900.584296545, 2604376.213550058 1208901.0609135197, 2604375.6049842974 1208901.9090247175, 2604377.564779372 1208901.4808904694, 2604377.0098755923 1208902.432646641, 2604377.615177479 1208902.5535214131, 2604378.2918631732 1208902.419878583, 2604378.684455601 1208902.5388854407, 2604378.7518799165 1208903.511873336, 2604379.121572111 1208904.2272270822, 2604379.6959909857 1208904.444454467, 2604380.320996562 1208904.6928036243, 2604380.560919385 1208902.6992922742, 2604381.2792921844 1208903.5995832216, 2604381.5169845587 1208902.9276473015, 2604382.1894099126 1208903.1016872146, 2604383.0788235525 1208903.2966150728, 2604382.739875818 1208902.2290543125, 2604382.7303124173 1208901.6603397618, 2604383.5780145256 1208901.5541510272, 2604382.782352527 1208900.7795786178, 2604383.4099091934 1208900.468681231, 2604384.5041358545 1208900))

-- WKT geo::Simplify(5) --
POLYGON ((2604393.9183718218 1208900, 2604384.953000371 1208915.2437677013, 2604371.090858841 1208912.2623808184, 2604365.6248245155 1208903.9672963517, 2604370.77994081 1208901.6731940557, 2604363.4823419084 1208899.2581911196, 2604377.7795753577 1208883.6081670448, 2604380 1208890.705844127, 2604389.5300603746 1208888.0496822745, 2604393.9183718218 1208900), (2604384.5041358545 1208900, 2604375.6049842974 1208901.9090247175, 2604377.564779372 1208901.4808904694, 2604377.0098755923 1208902.432646641, 2604377.615177479 1208902.5535214131, 2604378.2918631732 1208902.419878583, 2604378.684455601 1208902.5388854407, 2604378.7518799165 1208903.511873336, 2604379.121572111 1208904.2272270822, 2604379.6959909857 1208904.444454467, 2604380.320996562 1208904.6928036243, 2604380.560919385 1208902.6992922742, 2604381.2792921844 1208903.5995832216, 2604381.5169845587 1208902.9276473015, 2604382.1894099126 1208903.1016872146, 2604383.0788235525 1208903.2966150728, 2604382.739875818 1208902.2290543125, 2604382.7303124173 1208901.6603397618, 2604383.5780145256 1208901.5541510272, 2604382.782352527 1208900.7795786178, 2604383.4099091934 1208900.468681231, 2604384.5041358545 1208900))

-- WKT geo::SimplifyVwPreserve(5) --
POLYGON ((2604393.9183718218 1208900, 2604389.080498622 1208903.881191373, 2604394.922721126 1208907.1864037379, 2604390.73254759 1208907.0844926364, 2604392.0910162944 1208910.5636028124, 2604389.692053863 1208912.1534511345, 2604384.241007718 1208908.8065432687, 2604385.5005461653 1208914.6561528451, 2604382.611611458 1208911.4422174168, 2604378.0135062756 1208914.6648855708, 2604376.7250980656 1208908.7259449987, 2604372.600791276 1208912.3841894162, 2604368.8998800805 1208908.8520502492, 2604370.77994081 1208901.6731940557, 2604365.1084085605 1208901.340267488, 2604363.4823419084 1208899.2581911196, 2604369.0347438017 1208899.0131090798, 2604367.2271279506 1208889.8139744413, 2604372.7512183315 1208893.069455094, 2604371.4731423142 1208888.2637872428, 2604375.1796854883 1208891.9321524526, 2604373.242128831 1208885.967135922, 2604378.121734237 1208889.6499025614, 2604377.7795753577 1208883.6081670448, 2604380 1208890.705844127, 2604381.8479221505 1208886.358090868, 2604382.649323073 1208890.4003934383, 2604386.7333701374 1208886.0180128384, 2604384.7129841233 1208891.2418079323, 2604389.5300603746 1208888.0496822745, 2604390.965935044 1208889.5154925701, 2604387.892115365 1208894.7904602594, 2604392.6438253154 1208892.4456660477, 2604390.7274835147 1208896.514429315, 2604396.0071163108 1208895.582316598, 2604391.2814927762 1208899.4933475752, 2604393.9183718218 1208900), (2604384.5041358545 1208900, 2604381.4889679076 1208895.810445836, 2604375.9343430665 1208897.5276192492, 2604375.6049842974 1208901.9090247175, 2604383.0788235525 1208903.2966150728, 2604384.5041358545 1208900))

===== id 74445 =====
input_valid: true  input_errors: []  input_ring_vertex_counts: [150, 50]
simple_valid: false  simple_errors: ["interior ring at index 0 has a self-intersection"]  simple_ring_vertex_counts: [7, 22]
vw_preserve_valid: true  vw_preserve_errors: []  vw_preserve_ring_vertex_counts: [40, 6]
rdp_unguarded_ring_vertex_counts (each ring simplified as a bare LineString, INITIAL_MIN=2): [7, 3]

-- WKT input --
POLYGON ((2610716.2526947795 1209380, 2610712.1208627224 1209380.5114281916, 2610709.843864929 1209380.8321864745, 2610716.1201464883 1209382.0502619506, 2610712.265691671 1209382.0887766043, 2610714.842293641 1209383.176638861, 2610714.7481160983 1209383.8132006326, 2610712.63812244 1209383.842827752, 2610713.519829022 1209384.7422230055, 2610708.9021693333 1209383.5506989106, 2610713.1896909554 1209385.9169145948, 2610710.3588564233 1209385.1821698304, 2610711.2322661593 1209386.2244269454, 2610712.902599367 1209387.878684855, 2610708.9107027086 1209385.97094107, 2610710.790057283 1209387.9091683205, 2610711.384390364 1209389.1068312202, 2610707.0049824687 1209386.1052025545, 2610706.7634608415 1209386.4160265278, 2610707.9166411767 1209388.171063465, 2610710.6990515906 1209392.0177018943, 2610707.5549661363 1209389.2429490336, 2610709.408014815 1209392.5550913445, 2610706.4193258323 1209389.3648312981, 2610705.065524281 1209388.1023090316, 2610707.385520551 1209393.0022857767, 2610704.8377850465 1209389.4209105906, 2610705.3231342295 1209391.5387711155, 2610704.007674304 1209389.7479688327, 2610705.667025986 1209395.62695618, 2610704.565530666 1209394.4652414566, 2610703.807686423 1209394.1112560458, 2610702.2501321463 1209389.9971814223, 2610702.769066069 1209395.2850156827, 2610701.973964763 1209394.3130242315, 2610701.391049592 1209394.6170771106, 2610700.5054523307 1209389.5801895792, 2610700.1357090757 1209392.8723901615, 2610699.700899731 1209389.4540328076, 2610698.9431191916 1209394.2956858717, 2610698.833478155 1209390.0141403999, 2610697.9332824927 1209392.9602966928, 2610698.0290638013 1209389.707831202, 2610697.441322766 1209390.3448508151, 2610696.023653466 1209393.590362028, 2610695.0215011896 1209394.6873771867, 2610693.9507424533 1209395.643726709, 2610693.9908970827 1209393.7824477213, 2610695.034271764 1209390.1933706999, 2610692.5819295445 1209393.7255821743, 2610693.6361557115 1209390.6731739573, 2610690.883504927 1209393.9200740044, 2610691.971427264 1209391.1986646373, 2610693.0351337744 1209388.8974237894, 2610689.7111566816 1209392.059553911, 2610688.729412455 1209392.1345812618, 2610689.626214174 1209390.2649951493, 2610690.5591368913 1209388.585067993, 2610688.8592193695 1209389.3038357825, 2610688.5610682596 1209388.7614454809, 2610688.189381498 1209388.2801970558, 2610691.866572971 1209385.2050344453, 2610687.176487264 1209387.4638648257, 2610691.137606544 1209384.669691694, 2610691.280870052 1209384.1343913951, 2610687.883439622 1209385.1314537227, 2610684.4503120817 1209385.8252111035, 2610690.723939103 1209383.0356126747, 2610684.4539738465 1209384.371166324, 2610685.54047921 1209383.4150457717, 2610688.6738335155 1209382.1754352073, 2610685.8950854274 1209382.097015712, 2610685.7066451744 1209381.512449468, 2610688.324957883 1209380.7394742607, 2610689.452247821 1209380.2224271947, 2610686.9667472295 1209379.7251594649, 2610689.3986587077 1209379.328531843, 2610686.6008535726 1209378.5821710764, 2610689.17210074 1209378.3901869976, 2610685.007385211 1209377.120344107, 2610683.734157888 1209376.158337739, 2610688.81868876 1209376.856085879, 2610687.8859045017 1209376.0356338487, 2610688.6952719036 1209375.7650322004, 2610688.339123344 1209375.0615317335, 2610690.691679306 1209375.5862292212, 2610685.9433585885 1209372.5934024518, 2610686.1875847094 1209371.9605491282, 2610688.2690855856 1209372.492732352, 2610687.4134434527 1209371.175807732, 2610687.033835593 1209370.0687979325, 2610692.686199428 1209373.8921336192, 2610691.2010694486 1209371.9986746786, 2610689.1894703754 1209369.3028412173, 2610688.8491969644 1209367.994385827, 2610693.454180121 1209372.3276441013, 2610693.819201405 1209372.1042009026, 2610693.694681165 1209371.2050182028, 2610691.896449015 1209367.6266011766, 2610693.1995502575 1209368.5945696037, 2610695.316961779 1209371.3350208367, 2610693.1614673184 1209365.9622405106, 2610695.253738654 1209369.113999249, 2610694.7642766843 1209366.4601194374, 2610695.9544935715 1209368.0651013316, 2610697.3047147444 1209370.7880507698, 2610696.053353116 1209364.0435234706, 2610697.857102927 1209369.445176823, 2610698.3224228737 1209369.4799859163, 2610698.5113986973 1209367.2209316043, 2610699.1340282443 1209368.2866070648, 2610699.629199482 1209368.279648579, 2610700.1633106205 1209364.5095251387, 2610700.666299774 1209367.3711569551, 2610701.0020876857 1209369.4701144649, 2610702.0060710353 1209365.4541763498, 2610702.629516941 1209365.4852839601, 2610702.05004543 1209370.891790013, 2610704.3352671904 1209363.9335337635, 2610704.3997213445 1209366.0601020474, 2610703.599162109 1209370.0752266354, 2610705.7544900747 1209366.0032064382, 2610704.542737677 1209370.152867082, 2610706.960205391 1209366.4459722675, 2610707.128896411 1209367.449503692, 2610707.472575697 1209368.0476108294, 2610707.096559119 1209369.6471871526, 2610707.549454908 1209369.925175732, 2610709.9389327057 1209367.8404420633, 2610709.3215216226 1209369.5296076373, 2610711.1253483193 1209368.517109067, 2610711.7777909613 1209368.8272260283, 2610710.070108881 1209371.2233821081, 2610708.46918406 1209373.2251594206, 2610708.404869291 1209373.8391869299, 2610709.6006745975 1209373.566718122, 2610711.3576975316 1209373.0646750329, 2610714.1763643287 1209372.144083583, 2610708.3589229095 1209375.8183262374, 2610710.7203213098 1209375.1908482288, 2610710.788298617 1209375.6970038747, 2610714.2667256324 1209374.99579511, 2610710.12340199 1209376.9218141148, 2610713.5615781704 1209376.4935848, 2610715.975198045 1209376.5808899791, 2610714.2276985273 1209377.5771049352, 2610715.085106112 1209378.0813810157, 2610710.1475575995 1209379.142139775, 2610710.7398816543 1209379.5468409816, 2610716.2526947795 1209380), (2610704.5808696165 1209380, 2610704.2827612474 1209379.4477990856, 2610703.7776265834 1209379.0093896538, 2610702.7300150427 1209378.8947394034, 2610703.789484087 1209377.865802323, 2610703.2511518085 1209377.5736023448, 2610701.962101028 1209378.0998111193, 2610702.6861391272 1209376.6316880728, 2610702.159879874 1209376.4370522343, 2610701.126743204 1209377.4546674758, 2610701.1020178944 1209376.286936035, 2610700.440578427 1209377.2748666438, 2610700.1212427225 1209376.2192054433, 2610699.716871836 1209377.0650804008, 2610699.374986651 1209377.261637596, 2610698.740156214 1209376.5765974452, 2610698.487424506 1209377.1006759612, 2610698.411102915 1209377.722196546, 2610697.62492707 1209377.3847807478, 2610697.0128624523 1209377.45701273, 2610696.260282881 1209377.5657139183, 2610697.079165419 1209378.5934002001, 2610696.9499952886 1209378.9873286658, 2610696.2020536405 1209379.2603500127, 2610696.77958038 1209379.7932422005, 2610696.829216718 1209380.2035710409, 2610697.0598932547 1209380.5725857373, 2610696.46388664 1209381.1740705254, 2610696.681757524 1209381.5979813554, 2610696.055665691 1209382.5674771126, 2610697.184895577 1209382.396533336, 2610697.065358787 1209383.2313661203, 2610697.9701407114 1209382.9099559325, 2610697.996031993 1209383.841231488, 2610699.0214354857 1209382.6590759072, 2610699.035096394 1209384.2275189199, 2610699.697429002 1209383.136464915, 2610700.087909965 1209382.7413564285, 2610700.7083386495 1209384.3813250072, 2610701.2033875524 1209384.0546119793, 2610701.7742499737 1209384.0080615964, 2610701.5003944845 1209382.4750576366, 2610702.3583475784 1209382.957274326, 2610703.054885701 1209382.9584918201, 2610703.5921775694 1209382.6809117952, 2610703.061486467 1209381.724197056, 2610703.459072882 1209381.4004234034, 2610702.943325049 1209380.77183072, 2610702.7983632903 1209380.3608089918, 2610704.5808696165 1209380))

-- WKT geo::Simplify(5) --
POLYGON ((2610716.2526947795 1209380, 2610705.667025986 1209395.62695618, 2610699.700899731 1209389.4540328076, 2610693.9507424533 1209395.643726709, 2610683.734157888 1209376.158337739, 2610704.3352671904 1209363.9335337635, 2610716.2526947795 1209380), (2610704.5808696165 1209380, 2610696.055665691 1209382.5674771126, 2610697.184895577 1209382.396533336, 2610697.065358787 1209383.2313661203, 2610697.9701407114 1209382.9099559325, 2610697.996031993 1209383.841231488, 2610699.0214354857 1209382.6590759072, 2610699.035096394 1209384.2275189199, 2610699.697429002 1209383.136464915, 2610700.087909965 1209382.7413564285, 2610700.7083386495 1209384.3813250072, 2610701.2033875524 1209384.0546119793, 2610701.7742499737 1209384.0080615964, 2610701.5003944845 1209382.4750576366, 2610702.3583475784 1209382.957274326, 2610703.054885701 1209382.9584918201, 2610703.5921775694 1209382.6809117952, 2610703.061486467 1209381.724197056, 2610703.459072882 1209381.4004234034, 2610702.943325049 1209380.77183072, 2610702.7983632903 1209380.3608089918, 2610704.5808696165 1209380))

-- WKT geo::SimplifyVwPreserve(5) --
POLYGON ((2610716.2526947795 1209380, 2610709.843864929 1209380.8321864745, 2610716.1201464883 1209382.0502619506, 2610713.519829022 1209384.7422230055, 2610708.9021693333 1209383.5506989106, 2610712.902599367 1209387.878684855, 2610706.7634608415 1209386.4160265278, 2610710.6990515906 1209392.0177018943, 2610705.065524281 1209388.1023090316, 2610705.667025986 1209395.62695618, 2610702.2501321463 1209389.9971814223, 2610702.769066069 1209395.2850156827, 2610699.700899731 1209389.4540328076, 2610693.9507424533 1209395.643726709, 2610695.034271764 1209390.1933706999, 2610690.883504927 1209393.9200740044, 2610693.0351337744 1209388.8974237894, 2610687.176487264 1209387.4638648257, 2610691.280870052 1209384.1343913951, 2610688.6738335155 1209382.1754352073, 2610690.691679306 1209375.5862292212, 2610685.9433585885 1209372.5934024518, 2610687.033835593 1209370.0687979325, 2610692.686199428 1209373.8921336192, 2610688.8491969644 1209367.994385827, 2610693.454180121 1209372.3276441013, 2610691.896449015 1209367.6266011766, 2610695.316961779 1209371.3350208367, 2610693.1614673184 1209365.9622405106, 2610697.3047147444 1209370.7880507698, 2610702.05004543 1209370.891790013, 2610706.960205391 1209366.4459722675, 2610707.549454908 1209369.925175732, 2610711.7777909613 1209368.8272260283, 2610708.404869291 1209373.8391869299, 2610714.1763643287 1209372.144083583, 2610708.3589229095 1209375.8183262374, 2610715.975198045 1209376.5808899791, 2610710.1475575995 1209379.142139775, 2610716.2526947795 1209380), (2610704.5808696165 1209380, 2610700.1212427225 1209376.2192054433, 2610696.260282881 1209377.5657139183, 2610696.055665691 1209382.5674771126, 2610703.5921775694 1209382.6809117952, 2610704.5808696165 1209380))
